
Non-coplanar calibration (full optimization) 

camera type: JVC TK-870E 

data file: 1.txt  (28 points)

       f = 1.871963  [mm]

       kappa1 = 0.000000e+000  [1/mm^2]

       Tx = -201.825440,  Ty = 2035.235099,  Tz = 1807.842432  [mm]

       Rx = 96.066884,  Ry = -1.482021,  Rz = -0.425233  [deg]

       R
        0.999638  -0.026502  -0.004647
       -0.007419  -0.105496  -0.994392
        0.025863   0.994067  -0.105654

       sx = 1.038150
       Cx = 176.000000,  Cy = 144.000000  [pixels]

       Tz / f = 965.746921

       distorted image plane error:
         mean = 1.353505,  stddev = 0.913010,  max = 4.295815  [pix],  sse = 73.802195  [pix^2]

       undistorted image plane error:
         mean = 1.353505,  stddev = 0.913010,  max = 4.295815  [pix],  sse = 73.802195  [pix^2]

       object space error:
         mean = 58.088600,  stddev = 27.271621,  max = 120.698813  [mm],  sse = 114561.006736  [mm^2]

       normalized calibration error:  3.270565


Non-coplanar calibration (full optimization) 

camera type: JVC TK-870E 

data file: 1.txt  (28 points)

       f = 1.873002  [mm]

       kappa1 = 0.000000e+000  [1/mm^2]

       Tx = -202.394150,  Ty = 2026.501963,  Tz = 1775.523156  [mm]

       Rx = 96.031933,  Ry = -1.416720,  Rz = -0.403878  [deg]

       R
        0.999669  -0.025327  -0.004412
       -0.007047  -0.104907  -0.994457
        0.024724   0.994159  -0.105051

       sx = 1.034596
       Cx = 176.000000,  Cy = 144.000000  [pixels]

       Tz / f = 947.955659

       distorted image plane error:
         mean = 1.189593,  stddev = 0.768176,  max = 3.396159  [pix],  sse = 55.556216  [pix^2]

       undistorted image plane error:
         mean = 1.189593,  stddev = 0.768176,  max = 3.396159  [pix],  sse = 55.556216  [pix^2]

       object space error:
         mean = 52.134961,  stddev = 25.102789,  max = 97.069394  [mm],  sse = 93119.566964  [mm^2]

       normalized calibration error:  2.880510


Non-coplanar calibration (full optimization) 

camera type: JVC TK-870E 

data file: 1.txt  (28 points)

       f = 1.869937  [mm]

       kappa1 = 0.000000e+000  [1/mm^2]

       Tx = -210.667193,  Ty = 2032.051321,  Tz = 1792.481103  [mm]

       Rx = 96.044333,  Ry = -1.437471,  Rz = -0.381288  [deg]

       R
        0.999663  -0.025647  -0.003976
       -0.006653  -0.105130  -0.994436
        0.025086   0.994128  -0.105265

       sx = 1.040624
       Cx = 176.000000,  Cy = 144.000000  [pixels]

       Tz / f = 958.578567

       distorted image plane error:
         mean = 1.293019,  stddev = 0.825888,  max = 3.687171  [pix],  sse = 65.229614  [pix^2]

       undistorted image plane error:
         mean = 1.293019,  stddev = 0.825888,  max = 3.687171  [pix],  sse = 65.229614  [pix^2]

       object space error:
         mean = 55.223917,  stddev = 24.307029,  max = 103.222201  [mm],  sse = 101343.523384  [mm^2]

       normalized calibration error:  3.122420


Non-coplanar calibration (full optimization) 

camera type: JVC TK-870E 

data file: 1.txt  (28 points)

       f = 1.872457  [mm]

       kappa1 = 0.000000e+000  [1/mm^2]

       Tx = -203.084824,  Ty = 2027.545757,  Tz = 1779.327446  [mm]

       Rx = 96.034190,  Ry = -1.414046,  Rz = -0.408302  [deg]

       R
        0.999670  -0.025289  -0.004493
       -0.007124  -0.104944  -0.994453
        0.024677   0.994157  -0.105090

       sx = 1.035374
       Cx = 176.000000,  Cy = 144.000000  [pixels]

       Tz / f = 950.263270

       distorted image plane error:
         mean = 1.157110,  stddev = 0.785307,  max = 3.409148  [pix],  sse = 54.140411  [pix^2]

       undistorted image plane error:
         mean = 1.157110,  stddev = 0.785307,  max = 3.409148  [pix],  sse = 54.140411  [pix^2]

       object space error:
         mean = 50.443668,  stddev = 25.539466,  max = 96.534299  [mm],  sse = 88858.919215  [mm^2]

       normalized calibration error:  2.801760


Non-coplanar calibration (full optimization) 

camera type: JVC TK-870E 

data file: 1.txt  (28 points)

       f = 1.875007  [mm]

       kappa1 = 0.000000e+000  [1/mm^2]

       Tx = -215.877036,  Ty = 2023.905187,  Tz = 1768.450306  [mm]

       Rx = 96.030231,  Ry = -1.447985,  Rz = -0.448224  [deg]

       R
        0.999650  -0.025951  -0.005125
       -0.007820  -0.104853  -0.994457
        0.025269   0.994149  -0.105020

       sx = 1.032166
       Cx = 176.000000,  Cy = 144.000000  [pixels]

       Tz / f = 943.169887

       distorted image plane error:
         mean = 1.449689,  stddev = 0.888560,  max = 3.955766  [pix],  sse = 80.162320  [pix^2]

       undistorted image plane error:
         mean = 1.449689,  stddev = 0.888560,  max = 3.955766  [pix],  sse = 80.162320  [pix^2]

       object space error:
         mean = 62.300031,  stddev = 27.331951,  max = 111.251324  [mm],  sse = 128846.187724  [mm^2]

       normalized calibration error:  3.508285


Non-coplanar calibration (full optimization) 

camera type: JVC TK-870E 

data file: 1.txt  (28 points)

       f = 1.872618  [mm]

       kappa1 = 0.000000e+000  [1/mm^2]

       Tx = -206.833574,  Ty = 2030.682367,  Tz = 1789.153201  [mm]

       Rx = 96.049400,  Ry = -1.306432,  Rz = -0.425040  [deg]

       R
        0.999713  -0.023454  -0.004974
       -0.007416  -0.105215  -0.994422
        0.022800   0.994173  -0.105358

       sx = 1.036325
       Cx = 176.000000,  Cy = 144.000000  [pixels]

       Tz / f = 955.428889

       distorted image plane error:
         mean = 1.030959,  stddev = 0.731440,  max = 3.058756  [pix],  sse = 44.205700  [pix^2]

       undistorted image plane error:
         mean = 1.030959,  stddev = 0.731440,  max = 3.058756  [pix],  sse = 44.205700  [pix^2]

       object space error:
         mean = 46.531720,  stddev = 29.830507,  max = 123.473146  [mm],  sse = 84651.823293  [mm^2]

       normalized calibration error:  2.499939


Non-coplanar calibration (full optimization) 

camera type: JVC TK-870E 

data file: 1.txt  (28 points)

       f = 1.872618  [mm]

       kappa1 = 0.000000e+000  [1/mm^2]

       Tx = -206.833574,  Ty = 2030.682367,  Tz = 1789.153201  [mm]

       Rx = 96.049400,  Ry = -1.306432,  Rz = -0.425040  [deg]

       R
        0.999713  -0.023454  -0.004974
       -0.007416  -0.105215  -0.994422
        0.022800   0.994173  -0.105358

       sx = 1.036325
       Cx = 176.000000,  Cy = 144.000000  [pixels]

       Tz / f = 955.428889

       distorted image plane error:
         mean = 1.030959,  stddev = 0.731440,  max = 3.058756  [pix],  sse = 44.205700  [pix^2]

       undistorted image plane error:
         mean = 1.030959,  stddev = 0.731440,  max = 3.058756  [pix],  sse = 44.205700  [pix^2]

       object space error:
         mean = 46.531720,  stddev = 29.830507,  max = 123.473146  [mm],  sse = 84651.823293  [mm^2]

       normalized calibration error:  2.499939


Non-coplanar calibration (full optimization) 

camera type: JVC TK-870E 

data file: 1.txt  (28 points)

       f = 1.869684  [mm]

       kappa1 = 0.000000e+000  [1/mm^2]

       Tx = -215.148983,  Ty = 2036.261167,  Tz = 1806.840560  [mm]

       Rx = 96.061964,  Ry = -1.327254,  Rz = -0.402451  [deg]

       R
        0.999707  -0.023775  -0.004539
       -0.007022  -0.105440  -0.994401
        0.023163   0.994141  -0.105576

       sx = 1.042227
       Cx = 176.000000,  Cy = 144.000000  [pixels]

       Tz / f = 966.388080

       distorted image plane error:
         mean = 1.082996,  stddev = 0.747342,  max = 3.345378  [pix],  sse = 47.920697  [pix^2]

       undistorted image plane error:
         mean = 1.082996,  stddev = 0.747342,  max = 3.345378  [pix],  sse = 47.920697  [pix^2]

       object space error:
         mean = 47.165681,  stddev = 24.683307,  max = 102.572194  [mm],  sse = 78739.012238  [mm^2]

       normalized calibration error:  2.619600


Non-coplanar calibration (full optimization) 

camera type: JVC TK-870E 

data file: 1.txt  (28 points)

       f = 1.873887  [mm]

       kappa1 = 0.000000e+000  [1/mm^2]

       Tx = -206.980460,  Ty = 2023.330914,  Tz = 1762.548709  [mm]

       Rx = 96.022084,  Ry = -1.248961,  Rz = -0.424739  [deg]

       R
        0.999735  -0.022454  -0.005085
       -0.007411  -0.104748  -0.994471
        0.021797   0.994245  -0.104887

       sx = 1.033593
       Cx = 176.000000,  Cy = 144.000000  [pixels]

       Tz / f = 940.584290

       distorted image plane error:
         mean = 0.996813,  stddev = 0.724864,  max = 2.941702  [pix],  sse = 42.008334  [pix^2]

       undistorted image plane error:
         mean = 0.996813,  stddev = 0.724864,  max = 2.941702  [pix],  sse = 42.008334  [pix^2]

       object space error:
         mean = 46.580049,  stddev = 34.827604,  max = 142.557028  [mm],  sse = 93501.601493  [mm^2]

       normalized calibration error:  2.420007


Non-coplanar calibration (full optimization) 

camera type: JVC TK-870E 

data file: 1.txt  (28 points)

       f = 1.870448  [mm]

       kappa1 = 0.000000e+000  [1/mm^2]

       Tx = -215.971949,  Ty = 2029.915720,  Tz = 1784.118139  [mm]

       Rx = 96.036787,  Ry = -1.266818,  Rz = -0.406708  [deg]

       R
        0.999730  -0.022732  -0.004734
       -0.007097  -0.105008  -0.994446
        0.022108   0.994212  -0.105141

       sx = 1.040171
       Cx = 176.000000,  Cy = 144.000000  [pixels]

       Tz / f = 953.845261

       distorted image plane error:
         mean = 0.957937,  stddev = 0.705033,  max = 3.217887  [pix],  sse = 39.114968  [pix^2]

       undistorted image plane error:
         mean = 0.957937,  stddev = 0.705033,  max = 3.217887  [pix],  sse = 39.114968  [pix^2]

       object space error:
         mean = 42.879190,  stddev = 27.676029,  max = 121.214138  [mm],  sse = 72162.486578  [mm^2]

       normalized calibration error:  2.322285


Non-coplanar calibration (full optimization) 

camera type: JVC TK-870E 

data file: 1.txt  (28 points)

       f = 1.871464  [mm]

       kappa1 = 0.000000e+000  [1/mm^2]

       Tx = -218.352905,  Ty = 2028.976984,  Tz = 1780.086540  [mm]

       Rx = 96.037006,  Ry = -1.248879,  Rz = -0.393188  [deg]

       R
        0.999739  -0.022396  -0.004532
       -0.006861  -0.105020  -0.994446
        0.021795   0.994218  -0.105146

       sx = 1.038784
       Cx = 176.000000,  Cy = 144.000000  [pixels]

       Tz / f = 951.173057

       distorted image plane error:
         mean = 0.960408,  stddev = 0.691166,  max = 3.168945  [pix],  sse = 38.724929  [pix^2]

       undistorted image plane error:
         mean = 0.960408,  stddev = 0.691166,  max = 3.168945  [pix],  sse = 38.724929  [pix^2]

       object space error:
         mean = 42.573146,  stddev = 25.023254,  max = 88.787846  [mm],  sse = 67655.643855  [mm^2]

       normalized calibration error:  2.328759


Non-coplanar calibration (full optimization) 

camera type: JVC TK-870E 

data file: 1.txt  (28 points)

       f = 1.871740  [mm]

       kappa1 = 0.000000e+000  [1/mm^2]

       Tx = -215.768717,  Ty = 2020.236108,  Tz = 1747.042961  [mm]

       Rx = 96.000114,  Ry = -1.206209,  Rz = -0.381138  [deg]

       R
        0.999756  -0.021630  -0.004415
       -0.006651  -0.104389  -0.994514
        0.021051   0.994301  -0.104507

       sx = 1.036021
       Cx = 176.000000,  Cy = 144.000000  [pixels]

       Tz / f = 933.378951

       distorted image plane error:
         mean = 0.951569,  stddev = 0.632592,  max = 2.357506  [pix],  sse = 36.158172  [pix^2]

       undistorted image plane error:
         mean = 0.951569,  stddev = 0.632592,  max = 2.357506  [pix],  sse = 36.158172  [pix^2]

       object space error:
         mean = 44.933265,  stddev = 34.054455,  max = 144.440366  [mm],  sse = 87844.011050  [mm^2]

       normalized calibration error:  2.309044


Non-coplanar calibration (full optimization) 

camera type: JVC TK-870E 

data file: 1.txt  (28 points)

       f = 1.873731  [mm]

       kappa1 = 0.000000e+000  [1/mm^2]

       Tx = -197.675396,  Ty = 2035.092871,  Tz = 1803.773653  [mm]

       Rx = 96.078995,  Ry = -1.355745,  Rz = -0.487834  [deg]

       R
        0.999684  -0.024428  -0.005961
       -0.008512  -0.105695  -0.994362
        0.023660   0.994098  -0.105870

       sx = 1.034393
       Cx = 176.000000,  Cy = 144.000000  [pixels]

       Tz / f = 962.664397

       distorted image plane error:
         mean = 1.112694,  stddev = 0.957845,  max = 4.419112  [pix],  sse = 59.438077  [pix^2]

       undistorted image plane error:
         mean = 1.112694,  stddev = 0.957845,  max = 4.419112  [pix],  sse = 59.438077  [pix^2]

       object space error:
         mean = 49.790907,  stddev = 33.511126,  max = 124.628763  [mm],  sse = 99736.641976  [mm^2]

       normalized calibration error:  2.699698


Non-coplanar calibration (full optimization) 

camera type: JVC TK-870E 

data file: 1.txt  (28 points)

       f = 1.871040  [mm]

       kappa1 = 0.000000e+000  [1/mm^2]

       Tx = -215.266590,  Ty = 2028.868960,  Tz = 1780.523984  [mm]

       Rx = 96.034543,  Ry = -1.269565,  Rz = -0.402267  [deg]

       R
        0.999730  -0.022771  -0.004653
       -0.007019  -0.104971  -0.994451
        0.022156   0.994215  -0.105102

       sx = 1.039387
       Cx = 176.000000,  Cy = 144.000000  [pixels]

       Tz / f = 951.622624

       distorted image plane error:
         mean = 0.991374,  stddev = 0.707720,  max = 3.199840  [pix],  sse = 41.042444  [pix^2]

       undistorted image plane error:
         mean = 0.991374,  stddev = 0.707720,  max = 3.199840  [pix],  sse = 41.042444  [pix^2]

       object space error:
         mean = 44.589338,  stddev = 28.408798,  max = 121.733156  [mm],  sse = 77460.469186  [mm^2]

       normalized calibration error:  2.402867


Non-coplanar calibration (full optimization) 

camera type: JVC TK-870E 

data file: 1.txt  (28 points)

       f = 1.873358  [mm]

       kappa1 = 0.000000e+000  [1/mm^2]

       Tx = -207.676458,  Ty = 2024.364004,  Tz = 1766.380495  [mm]

       Rx = 96.024297,  Ry = -1.246181,  Rz = -0.429131  [deg]

       R
        0.999735  -0.022414  -0.005166
       -0.007488  -0.104785  -0.994467
        0.021748   0.994242  -0.104925

       sx = 1.034364
       Cx = 176.000000,  Cy = 144.000000  [pixels]

       Tz / f = 942.895203

       distorted image plane error:
         mean = 0.960452,  stddev = 0.699664,  max = 2.954117  [pix],  sse = 39.046423  [pix^2]

       undistorted image plane error:
         mean = 0.960452,  stddev = 0.699664,  max = 2.954117  [pix],  sse = 39.046423  [pix^2]

       object space error:
         mean = 44.738754,  stddev = 33.204461,  max = 141.990817  [mm],  sse = 85812.049481  [mm^2]

       normalized calibration error:  2.332098


Non-coplanar calibration (full optimization) 

camera type: JVC TK-870E 

data file: 1.txt  (28 points)

       f = 1.872912  [mm]

       kappa1 = 0.000000e+000  [1/mm^2]

       Tx = -213.965468,  Ty = 2020.344732,  Tz = 1750.492300  [mm]

       Rx = 96.004687,  Ry = -1.179975,  Rz = -0.423610  [deg]

       R
        0.999761  -0.021253  -0.005199
       -0.007392  -0.104456  -0.994502
        0.020593   0.994302  -0.104588

       sx = 1.032225
       Cx = 176.000000,  Cy = 144.000000  [pixels]

       Tz / f = 934.636672

       distorted image plane error:
         mean = 0.969416,  stddev = 0.701215,  max = 2.820768  [pix],  sse = 39.589440  [pix^2]

       undistorted image plane error:
         mean = 0.969416,  stddev = 0.701215,  max = 2.820768  [pix],  sse = 39.589440  [pix^2]

       object space error:
         mean = 46.464825,  stddev = 37.888864,  max = 160.247090  [mm],  sse = 99211.720855  [mm^2]

       normalized calibration error:  2.354918


Non-coplanar calibration (full optimization) 

camera type: JVC TK-870E 

data file: 1.txt  (28 points)

       f = 1.872347  [mm]

       kappa1 = 0.000000e+000  [1/mm^2]

       Tx = -214.679932,  Ty = 2021.355462,  Tz = 1754.014249  [mm]

       Rx = 96.006834,  Ry = -1.177099,  Rz = -0.427824  [deg]

       R
        0.999761  -0.021211  -0.005276
       -0.007465  -0.104492  -0.994498
        0.020543   0.994300  -0.104625

       sx = 1.032976
       Cx = 176.000000,  Cy = 144.000000  [pixels]

       Tz / f = 936.800014

       distorted image plane error:
         mean = 0.934367,  stddev = 0.713420,  max = 2.833027  [pix],  sse = 38.187313  [pix^2]

       undistorted image plane error:
         mean = 0.934367,  stddev = 0.713420,  max = 2.833027  [pix],  sse = 38.187313  [pix^2]

       object space error:
         mean = 44.696239,  stddev = 38.143218,  max = 159.750173  [mm],  sse = 95219.541711  [mm^2]

       normalized calibration error:  2.270260


Non-coplanar calibration (full optimization) 

camera type: JVC TK-870E 

data file: 1.txt  (28 points)

       f = 1.872705  [mm]

       kappa1 = 0.000000e+000  [1/mm^2]

       Tx = -213.952994,  Ty = 2018.873808,  Tz = 1745.072426  [mm]

       Rx = 95.997474,  Ry = -1.181846,  Rz = -0.424912  [deg]

       R
        0.999760  -0.021287  -0.005220
       -0.007414  -0.104330  -0.994515
        0.020626   0.994315  -0.104462

       sx = 1.031768
       Cx = 176.000000,  Cy = 144.000000  [pixels]

       Tz / f = 931.846064

       distorted image plane error:
         mean = 0.939614,  stddev = 0.687424,  max = 2.838732  [pix],  sse = 37.479400  [pix^2]

       undistorted image plane error:
         mean = 0.939614,  stddev = 0.687424,  max = 2.838732  [pix],  sse = 37.479400  [pix^2]

       object space error:
         mean = 44.298816,  stddev = 34.981741,  max = 160.444037  [mm],  sse = 87987.281787  [mm^2]

       normalized calibration error:  2.283611


Non-coplanar calibration (full optimization) 

camera type: JVC TK-870E 

data file: 1.txt  (28 points)

       f = 1.873408  [mm]

       kappa1 = 0.000000e+000  [1/mm^2]

       Tx = -216.678147,  Ty = 2018.956581,  Tz = 1744.856569  [mm]

       Rx = 96.000736,  Ry = -1.162606,  Rz = -0.414177  [deg]

       R
        0.999768  -0.020934  -0.005068
       -0.007227  -0.104393  -0.994510
        0.020290   0.994316  -0.104520

       sx = 1.030983
       Cx = 176.000000,  Cy = 144.000000  [pixels]

       Tz / f = 931.381145

       distorted image plane error:
         mean = 0.920676,  stddev = 0.667633,  max = 2.798176  [pix],  sse = 35.768856  [pix^2]

       undistorted image plane error:
         mean = 0.920676,  stddev = 0.667633,  max = 2.798176  [pix],  sse = 35.768856  [pix^2]

       object space error:
         mean = 43.137691,  stddev = 32.994341,  max = 164.780279  [mm],  sse = 81497.007731  [mm^2]

       normalized calibration error:  2.238636


Non-coplanar calibration (full optimization) 

camera type: JVC TK-870E 

data file: 1.txt  (28 points)

       f = 1.875391  [mm]

       kappa1 = 0.000000e+000  [1/mm^2]

       Tx = -230.106565,  Ty = 2016.366583,  Tz = 1737.702186  [mm]

       Rx = 95.998797,  Ry = -1.193367,  Rz = -0.458138  [deg]

       R
        0.999751  -0.021548  -0.005776
       -0.007994  -0.104339  -0.994510
        0.020827   0.994308  -0.104485

       sx = 1.028315
       Cx = 176.000000,  Cy = 144.000000  [pixels]

       Tz / f = 926.581355

       distorted image plane error:
         mean = 0.982819,  stddev = 0.763912,  max = 3.324575  [pix],  sse = 42.802280  [pix^2]

       undistorted image plane error:
         mean = 0.982819,  stddev = 0.763912,  max = 3.324575  [pix],  sse = 42.802280  [pix^2]

       object space error:
         mean = 43.531144,  stddev = 30.286574,  max = 143.080415  [mm],  sse = 77825.360241  [mm^2]

       normalized calibration error:  2.389544


Non-coplanar calibration (full optimization) 

camera type: JVC TK-870E 

data file: 1.txt  (28 points)

       f = 1.873841  [mm]

       kappa1 = 0.000000e+000  [1/mm^2]

       Tx = -219.766652,  Ty = 2019.075007,  Tz = 1744.416103  [mm]

       Rx = 96.003320,  Ry = -1.141657,  Rz = -0.405011  [deg]

       R
        0.999777  -0.020554  -0.004946
       -0.007067  -0.104443  -0.994506
        0.019924   0.994318  -0.104565

       sx = 1.030365
       Cx = 176.000000,  Cy = 144.000000  [pixels]

       Tz / f = 930.930642

       distorted image plane error:
         mean = 0.898768,  stddev = 0.608491,  max = 2.766763  [pix],  sse = 32.615005  [pix^2]

       undistorted image plane error:
         mean = 0.898768,  stddev = 0.608491,  max = 2.766763  [pix],  sse = 32.615005  [pix^2]

       object space error:
         mean = 41.686439,  stddev = 26.240743,  max = 110.625258  [mm],  sse = 67248.825440  [mm^2]

       normalized calibration error:  2.185818


Non-coplanar calibration (full optimization) 

camera type: JVC TK-870E 

data file: 1.txt  (28 points)

       f = 1.875833  [mm]

       kappa1 = 0.000000e+000  [1/mm^2]

       Tx = -233.198005,  Ty = 2016.484183,  Tz = 1737.278677  [mm]

       Rx = 96.001367,  Ry = -1.172386,  Rz = -0.448959  [deg]

       R
        0.999760  -0.021167  -0.005654
       -0.007834  -0.104390  -0.994506
        0.020461   0.994311  -0.104530

       sx = 1.027705
       Cx = 176.000000,  Cy = 144.000000  [pixels]

       Tz / f = 926.137225

       distorted image plane error:
         mean = 0.957004,  stddev = 0.720896,  max = 3.294029  [pix],  sse = 39.675643  [pix^2]

       undistorted image plane error:
         mean = 0.957004,  stddev = 0.720896,  max = 3.294029  [pix],  sse = 39.675643  [pix^2]

       object space error:
         mean = 41.704284,  stddev = 24.090631,  max = 92.745195  [mm],  sse = 64368.604476  [mm^2]

       normalized calibration error:  2.327273


Non-coplanar calibration (full optimization) 

camera type: JVC TK-870E 

data file: 1.txt  (28 points)

       f = 1.874195  [mm]

       kappa1 = 0.000000e+000  [1/mm^2]

       Tx = -222.863839,  Ty = 2019.202481,  Tz = 1743.743792  [mm]

       Rx = 96.005836,  Ry = -1.120611,  Rz = -0.395825  [deg]

       R
        0.999785  -0.020172  -0.004824
       -0.006907  -0.104493  -0.994502
        0.019557   0.994321  -0.104610

       sx = 1.029767
       Cx = 176.000000,  Cy = 144.000000  [pixels]

       Tz / f = 930.396265

       distorted image plane error:
         mean = 0.879142,  stddev = 0.598851,  max = 2.735609  [pix],  sse = 31.323743  [pix^2]

       undistorted image plane error:
         mean = 0.879142,  stddev = 0.598851,  max = 2.735609  [pix],  sse = 31.323743  [pix^2]

       object space error:
         mean = 40.389072,  stddev = 24.466454,  max = 114.872425  [mm],  sse = 61838.158412  [mm^2]

       normalized calibration error:  2.138637


Non-coplanar calibration (full optimization) 

camera type: JVC TK-870E 

data file: 1.txt  (28 points)

       f = 1.874037  [mm]

       kappa1 = 0.000000e+000  [1/mm^2]

       Tx = -223.008124,  Ty = 2018.131370,  Tz = 1739.936934  [mm]

       Rx = 96.000327,  Ry = -1.120173,  Rz = -0.395329  [deg]

       R
        0.999785  -0.020163  -0.004818
       -0.006898  -0.104397  -0.994512
        0.019549   0.994331  -0.104514

       sx = 1.029432
       Cx = 176.000000,  Cy = 144.000000  [pixels]

       Tz / f = 928.443258

       distorted image plane error:
         mean = 0.848620,  stddev = 0.582077,  max = 2.742096  [pix],  sse = 29.312315  [pix^2]

       undistorted image plane error:
         mean = 0.848620,  stddev = 0.582077,  max = 2.742096  [pix],  sse = 29.312315  [pix^2]

       object space error:
         mean = 38.215092,  stddev = 19.872631,  max = 77.235650  [mm],  sse = 51553.891013  [mm^2]

       normalized calibration error:  2.065318


Non-coplanar calibration (full optimization) 

camera type: JVC TK-870E 

data file: 1.txt  (28 points)

       f = 1.876199  [mm]

       kappa1 = 0.000000e+000  [1/mm^2]

       Tx = -236.298369,  Ty = 2016.610818,  Tz = 1736.640325  [mm]

       Rx = 96.003869,  Ry = -1.151307,  Rz = -0.439759  [deg]

       R
        0.999769  -0.020785  -0.005532
       -0.007674  -0.104439  -0.994502
        0.020093   0.994314  -0.104575

       sx = 1.027117
       Cx = 176.000000,  Cy = 144.000000  [pixels]

       Tz / f = 925.616488

       distorted image plane error:
         mean = 0.935846,  stddev = 0.717088,  max = 3.263740  [pix],  sse = 38.406426  [pix^2]

       undistorted image plane error:
         mean = 0.935846,  stddev = 0.717088,  max = 3.263740  [pix],  sse = 38.406426  [pix^2]

       object space error:
         mean = 40.206115,  stddev = 23.170830,  max = 93.921159  [mm],  sse = 59758.845847  [mm^2]

       normalized calibration error:  2.276539


Non-coplanar calibration (full optimization) 

camera type: JVC TK-870E 

data file: 1.txt  (28 points)

       f = 1.871242  [mm]

       kappa1 = 0.000000e+000  [1/mm^2]

       Tx = -231.136331,  Ty = 2024.753598,  Tz = 1761.352924  [mm]

       Rx = 96.018337,  Ry = -1.141648,  Rz = -0.373373  [deg]

       R
        0.999780  -0.020497  -0.004392
       -0.006515  -0.104715  -0.994481
        0.019924   0.994291  -0.104826

       sx = 1.035589
       Cx = 176.000000,  Cy = 144.000000  [pixels]

       Tz / f = 941.274610

       distorted image plane error:
         mean = 0.841586,  stddev = 0.644484,  max = 2.984323  [pix],  sse = 31.046193  [pix^2]

       undistorted image plane error:
         mean = 0.841586,  stddev = 0.644484,  max = 2.984323  [pix],  sse = 31.046193  [pix^2]

       object space error:
         mean = 36.618225,  stddev = 21.395263,  max = 94.081355  [mm],  sse = 49904.490276  [mm^2]

       normalized calibration error:  2.046237


Non-coplanar calibration (full optimization) 

camera type: JVC TK-870E 

data file: 1.txt  (28 points)

       f = 1.873712  [mm]

       kappa1 = 0.000000e+000  [1/mm^2]

       Tx = -223.556674,  Ty = 2020.189341,  Tz = 1747.574632  [mm]

       Rx = 96.007886,  Ry = -1.117912,  Rz = -0.399995  [deg]

       R
        0.999785  -0.020133  -0.004901
       -0.006980  -0.104527  -0.994498
        0.019510   0.994318  -0.104645

       sx = 1.030507
       Cx = 176.000000,  Cy = 144.000000  [pixels]

       Tz / f = 932.680582

       distorted image plane error:
         mean = 0.844013,  stddev = 0.597129,  max = 2.747769  [pix],  sse = 29.573212  [pix^2]

       undistorted image plane error:
         mean = 0.844013,  stddev = 0.597129,  max = 2.747769  [pix],  sse = 29.573212  [pix^2]

       object space error:
         mean = 38.614396,  stddev = 23.878915,  max = 114.361505  [mm],  sse = 57145.474231  [mm^2]

       normalized calibration error:  2.053774


Non-coplanar calibration (full optimization) 

camera type: JVC TK-870E 

data file: 1.txt  (26 points)

       f = 1.861933  [mm]

       kappa1 = 0.000000e+000  [1/mm^2]

       Tx = -230.009040,  Ty = 2023.131895,  Tz = 1667.289426  [mm]

       Rx = 96.012180,  Ry = -1.124423,  Rz = -0.379551  [deg]

       R
        0.999786  -0.020209  -0.004533
       -0.006623  -0.104608  -0.994491
        0.019624   0.994308  -0.104720

       sx = 1.034474
       Cx = 176.000000,  Cy = 144.000000  [pixels]

       Tz / f = 895.461523

       distorted image plane error:
         mean = 0.696652,  stddev = 0.427682,  max = 1.787669  [pix],  sse = 17.191213  [pix^2]

       undistorted image plane error:
         mean = 0.696652,  stddev = 0.427682,  max = 1.787669  [pix],  sse = 17.191213  [pix^2]

       object space error:
         mean = 33.417314,  stddev = 20.895452,  max = 103.049983  [mm],  sse = 39950.135838  [mm^2]

       normalized calibration error:  1.697384


Non-coplanar calibration (full optimization) 

camera type: JVC TK-870E 

data file: 1.txt  (26 points)

       f = 1.858400  [mm]

       kappa1 = 0.000000e+000  [1/mm^2]

       Tx = -243.650379,  Ty = 2027.884867,  Tz = 1681.957209  [mm]

       Rx = 96.019860,  Ry = -1.156660,  Rz = -0.365670  [deg]

       R
        0.999776  -0.020744  -0.004230
       -0.006381  -0.104743  -0.994479
        0.020186   0.994283  -0.104852

       sx = 1.042203
       Cx = 176.000000,  Cy = 144.000000  [pixels]

       Tz / f = 905.056534

       distorted image plane error:
         mean = 0.780852,  stddev = 0.525851,  max = 2.209988  [pix],  sse = 22.765944  [pix^2]

       undistorted image plane error:
         mean = 0.780852,  stddev = 0.525851,  max = 2.209988  [pix],  sse = 22.765944  [pix^2]

       object space error:
         mean = 35.061594,  stddev = 16.739126,  max = 70.819060  [mm],  sse = 38967.158004  [mm^2]

       normalized calibration error:  1.897681


Non-coplanar calibration (full optimization) 

camera type: JVC TK-870E 

data file: 1.txt  (26 points)

       f = 1.861744  [mm]

       kappa1 = 0.000000e+000  [1/mm^2]

       Tx = -230.220491,  Ty = 2021.748893,  Tz = 1662.291336  [mm]

       Rx = 96.005353,  Ry = -1.121657,  Rz = -0.378118  [deg]

       R
        0.999787  -0.020158  -0.004515
       -0.006598  -0.104491  -0.994504
        0.019575   0.994322  -0.104601

       sx = 1.034043
       Cx = 176.000000,  Cy = 144.000000  [pixels]

       Tz / f = 892.867632

       distorted image plane error:
         mean = 0.666022,  stddev = 0.395436,  max = 1.788422  [pix],  sse = 15.442474  [pix^2]

       undistorted image plane error:
         mean = 0.666022,  stddev = 0.395436,  max = 1.788422  [pix],  sse = 15.442474  [pix^2]

       object space error:
         mean = 31.282585,  stddev = 15.577544,  max = 62.757331  [mm],  sse = 31510.101259  [mm^2]

       normalized calibration error:  1.624003


Non-coplanar calibration (full optimization) 

camera type: JVC TK-870E 

data file: 1.txt  (26 points)

       f = 1.863355  [mm]

       kappa1 = 0.000000e+000  [1/mm^2]

       Tx = -244.403255,  Ty = 2022.464695,  Tz = 1662.634435  [mm]

       Rx = 96.016746,  Ry = -1.167104,  Rz = -0.424131  [deg]

       R
        0.999765  -0.021032  -0.005227
       -0.007401  -0.104666  -0.994480
        0.020368   0.994285  -0.104797

       sx = 1.033101
       Cx = 176.000000,  Cy = 144.000000  [pixels]

       Tz / f = 892.279996

       distorted image plane error:
         mean = 0.799295,  stddev = 0.565961,  max = 2.428619  [pix],  sse = 24.618490  [pix^2]

       undistorted image plane error:
         mean = 0.799295,  stddev = 0.565961,  max = 2.428619  [pix],  sse = 24.618490  [pix^2]

       object space error:
         mean = 35.946586,  stddev = 20.378121,  max = 75.984307  [mm],  sse = 43977.778367  [mm^2]

       normalized calibration error:  1.943571


Non-coplanar calibration (full optimization) 

camera type: JVC TK-870E 

data file: 1.txt  (24 points)

       f = 1.833556  [mm]

       kappa1 = 0.000000e+000  [1/mm^2]

       Tx = -177.143728,  Ty = 2082.818057,  Tz = 1645.026051  [mm]

       Rx = 96.283990,  Ry = -1.610681,  Rz = -0.533056  [deg]

       R
        0.999562  -0.028956  -0.006171
       -0.009300  -0.109192  -0.993977
        0.028108   0.993599  -0.109413

       sx = 1.036041
       Cx = 176.000000,  Cy = 144.000000  [pixels]

       Tz / f = 897.177988

       distorted image plane error:
         mean = 1.158399,  stddev = 0.674080,  max = 2.256903  [pix],  sse = 42.656158  [pix^2]

       undistorted image plane error:
         mean = 1.158399,  stddev = 0.674080,  max = 2.256903  [pix],  sse = 42.656158  [pix^2]

       object space error:
         mean = 60.083616,  stddev = 38.842679,  max = 121.930158  [mm],  sse = 121342.317821  [mm^2]

       normalized calibration error:  2.803545


Non-coplanar calibration (full optimization) 

camera type: JVC TK-870E 

data file: 1.txt  (26 points)

       f = 1.861933  [mm]

       kappa1 = 0.000000e+000  [1/mm^2]

       Tx = -230.009040,  Ty = 2023.131895,  Tz = 1667.289426  [mm]

       Rx = 96.012180,  Ry = -1.124423,  Rz = -0.379551  [deg]

       R
        0.999786  -0.020209  -0.004533
       -0.006623  -0.104608  -0.994491
        0.019624   0.994308  -0.104720

       sx = 1.034474
       Cx = 176.000000,  Cy = 144.000000  [pixels]

       Tz / f = 895.461523

       distorted image plane error:
         mean = 0.696652,  stddev = 0.427682,  max = 1.787669  [pix],  sse = 17.191213  [pix^2]

       undistorted image plane error:
         mean = 0.696652,  stddev = 0.427682,  max = 1.787669  [pix],  sse = 17.191213  [pix^2]

       object space error:
         mean = 33.417314,  stddev = 20.895452,  max = 103.049983  [mm],  sse = 39950.135838  [mm^2]

       normalized calibration error:  1.697384


Non-coplanar calibration (full optimization) 

camera type: JVC TK-870E 

data file: 1.txt  (27 points)

       f = 1.870946  [mm]

       kappa1 = 0.000000e+000  [1/mm^2]

       Tx = -223.521691,  Ty = 2020.825092,  Tz = 1725.102189  [mm]

       Rx = 96.010420,  Ry = -1.122596,  Rz = -0.401552  [deg]

       R
        0.999784  -0.020217  -0.004918
       -0.007007  -0.104570  -0.994493
        0.019592   0.994312  -0.104689

       sx = 1.030752
       Cx = 176.000000,  Cy = 144.000000  [pixels]

       Tz / f = 922.048171

       distorted image plane error:
         mean = 0.789799,  stddev = 0.543443,  max = 2.934688  [pix],  sse = 24.520713  [pix^2]

       undistorted image plane error:
         mean = 0.789799,  stddev = 0.543443,  max = 2.934688  [pix],  sse = 24.520713  [pix^2]

       object space error:
         mean = 37.311070,  stddev = 23.519541,  max = 113.075225  [mm],  sse = 51969.518101  [mm^2]

       normalized calibration error:  1.922982


Non-coplanar calibration (full optimization) 

camera type: JVC TK-870E 

data file: 1.txt  (26 points)

       f = 1.854282  [mm]

       kappa1 = 0.000000e+000  [1/mm^2]

       Tx = -257.412756,  Ty = 2032.743963,  Tz = 1694.137871  [mm]

       Rx = 96.027882,  Ry = -1.188166,  Rz = -0.351162  [deg]

       R
        0.999766  -0.021264  -0.003918
       -0.006128  -0.104884  -0.994466
        0.020736   0.994257  -0.104990

       sx = 1.050165
       Cx = 176.000000,  Cy = 144.000000  [pixels]

       Tz / f = 913.635616

       distorted image plane error:
         mean = 1.054642,  stddev = 0.678316,  max = 3.125247  [pix],  sse = 40.421797  [pix^2]

       undistorted image plane error:
         mean = 1.054642,  stddev = 0.678316,  max = 3.125247  [pix],  sse = 40.421797  [pix^2]

       object space error:
         mean = 46.561348,  stddev = 20.004779,  max = 88.271758  [mm],  sse = 66371.716662  [mm^2]

       normalized calibration error:  2.545119


Non-coplanar calibration (full optimization) 

camera type: JVC TK-870E 

data file: 1.txt  (26 points)

       f = 1.861744  [mm]

       kappa1 = 0.000000e+000  [1/mm^2]

       Tx = -230.220491,  Ty = 2021.748893,  Tz = 1662.291336  [mm]

       Rx = 96.005353,  Ry = -1.121657,  Rz = -0.378118  [deg]

       R
        0.999787  -0.020158  -0.004515
       -0.006598  -0.104491  -0.994504
        0.019575   0.994322  -0.104601

       sx = 1.034043
       Cx = 176.000000,  Cy = 144.000000  [pixels]

       Tz / f = 892.867632

       distorted image plane error:
         mean = 0.666022,  stddev = 0.395436,  max = 1.788422  [pix],  sse = 15.442474  [pix^2]

       undistorted image plane error:
         mean = 0.666022,  stddev = 0.395436,  max = 1.788422  [pix],  sse = 15.442474  [pix^2]

       object space error:
         mean = 31.282585,  stddev = 15.577544,  max = 62.757331  [mm],  sse = 31510.101259  [mm^2]

       normalized calibration error:  1.624003


Non-coplanar calibration (full optimization) 

camera type: JVC TK-870E 

data file: 1.txt  (26 points)

       f = 1.863228  [mm]

       kappa1 = 0.000000e+000  [1/mm^2]

       Tx = -244.608302,  Ty = 2021.088076,  Tz = 1657.956482  [mm]

       Rx = 96.009943,  Ry = -1.164250,  Rz = -0.422681  [deg]

       R
        0.999766  -0.020979  -0.005209
       -0.007376  -0.104549  -0.994492
        0.020319   0.994298  -0.104679

       sx = 1.032673
       Cx = 176.000000,  Cy = 144.000000  [pixels]

       Tz / f = 889.830314

       distorted image plane error:
         mean = 0.767711,  stddev = 0.569428,  max = 2.428650  [pix],  sse = 23.430087  [pix^2]

       undistorted image plane error:
         mean = 0.767711,  stddev = 0.569428,  max = 2.428650  [pix],  sse = 23.430087  [pix^2]

       object space error:
         mean = 33.889154,  stddev = 18.809021,  max = 71.901413  [mm],  sse = 38704.825312  [mm^2]

       normalized calibration error:  1.868364


Non-coplanar calibration (full optimization) 

camera type: JVC TK-870E 

data file: 1.txt  (26 points)

       f = 1.863228  [mm]

       kappa1 = 0.000000e+000  [1/mm^2]

       Tx = -244.608302,  Ty = 2021.088076,  Tz = 1657.956482  [mm]

       Rx = 96.009943,  Ry = -1.164250,  Rz = -0.422681  [deg]

       R
        0.999766  -0.020979  -0.005209
       -0.007376  -0.104549  -0.994492
        0.020319   0.994298  -0.104679

       sx = 1.032673
       Cx = 176.000000,  Cy = 144.000000  [pixels]

       Tz / f = 889.830314

       distorted image plane error:
         mean = 0.767711,  stddev = 0.569428,  max = 2.428650  [pix],  sse = 23.430087  [pix^2]

       undistorted image plane error:
         mean = 0.767711,  stddev = 0.569428,  max = 2.428650  [pix],  sse = 23.430087  [pix^2]

       object space error:
         mean = 33.889154,  stddev = 18.809021,  max = 71.901413  [mm],  sse = 38704.825312  [mm^2]

       normalized calibration error:  1.868364


Non-coplanar calibration (full optimization) 

camera type: JVC TK-870E 

data file: 1.txt  (26 points)

       f = 1.745992  [mm]

       kappa1 = 0.000000e+000  [1/mm^2]

       Tx = -247.048353,  Ty = 2020.982412,  Tz = 919.416982  [mm]

       Rx = 96.010765,  Ry = -1.171513,  Rz = -0.430291  [deg]

       R
        0.999763  -0.021119  -0.005328
       -0.007508  -0.104560  -0.994490
        0.020445   0.994294  -0.104693

       sx = 1.032459
       Cx = 176.000000,  Cy = 144.000000  [pixels]

       Tz / f = 526.587272

       distorted image plane error:
         mean = 1.378463,  stddev = 1.383330,  max = 5.387017  [pix],  sse = 97.244233  [pix^2]

       undistorted image plane error:
         mean = 1.378463,  stddev = 1.383330,  max = 5.387017  [pix],  sse = 97.244233  [pix^2]

       object space error:
         mean = 58.789054,  stddev = 39.044432,  max = 148.323676  [mm],  sse = 127971.664614  [mm^2]

       normalized calibration error:  3.356420


Non-coplanar calibration (full optimization) 

camera type: JVC TK-870E 

data file: 1.txt  (28 points)

       f = 1.758859  [mm]

       kappa1 = 0.000000e+000  [1/mm^2]

       Tx = -239.596897,  Ty = 2016.060320,  Tz = 1034.759230  [mm]

       Rx = 96.000091,  Ry = -1.153752,  Rz = -0.451576  [deg]

       R
        0.999766  -0.020848  -0.005734
       -0.007880  -0.104369  -0.994507
        0.020135   0.994320  -0.104509

       sx = 1.027058
       Cx = 176.000000,  Cy = 144.000000  [pixels]

       Tz / f = 588.312662

       distorted image plane error:
         mean = 1.704521,  stddev = 1.582071,  max = 6.079866  [pix],  sse = 148.930627  [pix^2]

       undistorted image plane error:
         mean = 1.704521,  stddev = 1.582071,  max = 6.079866  [pix],  sse = 148.930627  [pix^2]

       object space error:
         mean = 69.879552,  stddev = 42.575996,  max = 165.725199  [mm],  sse = 185671.566764  [mm^2]

       normalized calibration error:  4.146411


Non-coplanar calibration (full optimization) 

camera type: JVC TK-870E 

data file: 1.txt  (26 points)

       f = 1.861744  [mm]

       kappa1 = 0.000000e+000  [1/mm^2]

       Tx = -230.220491,  Ty = 2021.748893,  Tz = 1662.291336  [mm]

       Rx = 96.005353,  Ry = -1.121657,  Rz = -0.378118  [deg]

       R
        0.999787  -0.020158  -0.004515
       -0.006598  -0.104491  -0.994504
        0.019575   0.994322  -0.104601

       sx = 1.034043
       Cx = 176.000000,  Cy = 144.000000  [pixels]

       Tz / f = 892.867632

       distorted image plane error:
         mean = 0.666022,  stddev = 0.395436,  max = 1.788422  [pix],  sse = 15.442474  [pix^2]

       undistorted image plane error:
         mean = 0.666022,  stddev = 0.395436,  max = 1.788422  [pix],  sse = 15.442474  [pix^2]

